radix=10;
coefdata=0.000002701309273 0.000035053098778 0.000182726271564 0.000598893758816 0.001556651475679 0.003452274166895 0.006771185963390 0.012005264290215 0.019524218336071 0.029423967989103 0.041393389106464 0.054648367983823 0.067972574457365 0.079877765146849 0.088860064555796 0.093694902089918 0.093694902089918 0.088860064555796 0.079877765146849 0.067972574457365 0.054648367983823 0.088860064555796 0.093694902089918 0.093694902089918 0.088860064555796 0.079877765146849 0.067972574457365 0.054648367983823 0.000598893758816 0.000182726271564 0.000035053098778 0.000002701309273;
